48k DDC SOS Matrix:
0.99883685895187502 -1.9934182118283701 0.99473226662034797 1.0 -1.9934182118283701 0.99356912557222299
0.99919353128897703 -1.98816346327085 0.98920312391612797 1.0 -1.98816346327085 0.988396655205105
1.0016393570314801 -1.99131400018007 0.99041296861572703 1.0 -1.99131400018007 0.99205232564720802
1.0839269140212 -5.6995652464110205e-14 -1.0839269140211401 1.0 -5.6995652464110205e-14 -0.99999999999994305
1.00109202157954 -1.8873941665599601 0.90514402002659899 1.0 -1.8873941665599601 0.90623604160614002
0.98498593129050804 -1.83253805976733 0.91219707168151598 1.0 -1.83253805976733 0.89718300297202402
1.02829230563408 -1.7316136560576501 0.79391220910823601 1.0 -1.7316136560576501 0.82220451474231804
0.98063589487105896 -1.8010764691490599 0.91442173687253203 1.0 -1.8010764691490599 0.89505763174358999
0.98826668790880501 -1.76395082348927 0.92101992513532704 1.0 -1.76395082348927 0.90928661304413205
1.03775154776656 -1.67680080643632 0.88977043996609595 1.0 -1.67680080643632 0.92752198773265504
1.0262369039941801 -1.6135275315579101 0.85596084431085295 1.0 -1.6135275315579101 0.88219774830503295
0.942765572612285 -1.4005677839884001 0.68578615071706195 1.0 -1.4005677839884001 0.62855172332934695
0.97836793938814304 -1.42427834887107 0.90439867152631903 1.0 -1.42427834887107 0.88276661091446196
1.00768112807715 -1.3818245198397101 0.94625809539443595 1.0 -1.3818245198397101 0.95393922347159099
0.98071933561519797 -1.22278659221507 0.88724583417943004 1.0 -1.22278659221507 0.86796516979462801
1.12234796971065 -0.98443874754667404 0.47201952451689 1.0 -0.98443874754667404 0.59436749422753599
0.98226964252252202 -1.009280159412 0.87084791704451903 1.0 -1.009280159412 0.85311755956704105
0.964060309114387 -0.75765809443915899 0.85185217720461204 1.0 -0.75765809443915899 0.81591248631899904
1.0369987428983201 -0.63531274472196997 0.83648672974793203 1.0 -0.63531274472196997 0.87348547264625298
1.10914071714836 -0.36099533636176401 0.31701474034777799 1.0 -0.36099533636176401 0.42615545749613398
0.97922201523959596 -0.23001202215917099 0.81872803655726201 1.0 -0.23001202215917099 0.79795005179685796
0.75494904786657302 -0.104778897255818 0.21367553423553101 1.0 -0.104778897255818 -0.031375417897895497
---SOS print end---
---Print vdcprj---

# ViPER-DDC Project File, v1.0.0.0

# Calibration Point 1
94,0.60,-3.90
# Calibration Point 2
117,1.00,-1.30
# Calibration Point 3
208,0.50,3.00
# Calibration Point 4
464,98.80,0.70
# Calibration Point 5
1075,1.00,0.20
# Calibration Point 6
2000,0.50,-3.00
# Calibration Point 7
2419,1.00,2.40
# Calibration Point 8
2416,0.40,-4.00
# Calibration Point 9
3000,0.30,-2.60
# Calibration Point 10
3940,0.30,6.20
# Calibration Point 11
4132,0.40,3.20
# Calibration Point 12
4091,1.00,-3.20
# Calibration Point 13
5446,0.20,-4.00
# Calibration Point 14
5999,0.10,2.50
# Calibration Point 15
6548,0.20,-3.00
# Calibration Point 16
6916,1.00,4.10
# Calibration Point 17
7600,0.20,-2.40
# Calibration Point 18
8712,0.20,-4.30
# Calibration Point 19
9357,0.20,4.00
# Calibration Point 20
10045,1.00,2.80
# Calibration Point 21
11020,0.20,-2.00
# Calibration Point 22
11172,1.40,-5.60

# File End
